{"categories": ["dish", "sweetener", "flavoring", "fruit", "fat", "bakery", "vegetable", "herb", "seafood", "oil", "spice", "sauce", "condiment", "meat", "nut", "legume", "tools", "dairy", "seasoning", "mix", "vegetarian", "additive", "alcohol", "fungi", "vegan", "confectionery", "cereal", "flower", "spread", "seed", "beverage"], "n_relations": 4838171, "relations": [[5038, 8270, 1191, 6714, 367, 11180, 20165, 6721, 1699, 8473, 18340, 8336, 5257, 15015, 3146, 2742, 715, 21991, 6255, 1426, 8425, 2035, 2819, 2726, 301, 2790, 7239, 10, 2950, 1195, 9995], [8270, 21058, 7331, 33961, 3261, 43800, 28279, 10214, 2361, 23253, 66037, 15307, 15987, 16402, 19211, 2313, 1992, 53852, 8876, 10409, 37034, 25175, 9291, 1408, 1990, 13528, 18122, 221, 9232, 7120, 38447], [1191, 7331, 539, 4278, 362, 5154, 4513, 2528, 906, 3475, 8267, 1718, 1509, 2500, 2450, 590, 273, 7172, 1827, 1287, 4634, 2914, 1503, 361, 314, 1224, 2236, 44, 851, 804, 6093], [6714, 33961, 4278, 14907, 1231, 24185, 25088, 12064, 3349, 17522, 40148, 8559, 8831, 13483, 13123, 2648, 1518, 34715, 8374, 4422, 18276, 11787, 7221, 1503, 1404, 4922, 12565, 107, 4585, 3614, 27098], [367, 3261, 362, 1231, 22, 3494, 1065, 387, 53, 395, 4001, 251, 289, 783, 970, 109, 69, 2807, 380, 497, 2688, 2402, 173, 61, 66, 891, 1022, 3, 402, 315, 1995], [11180, 43800, 5154, 24185, 3494, 14365, 42851, 19458, 5818, 27970, 69101, 17684, 11384, 30258, 14006, 3333, 2449, 68947, 15783, 7268, 41416, 22829, 8062, 5546, 1346, 10007, 15210, 65, 8604, 4392, 29289], [20165, 28279, 4513, 25088, 1065, 42851, 78839, 49403, 12843, 57590, 98818, 33754, 32372, 62714, 9694, 13247, 3274, 69020, 36971, 1742, 24077, 3939, 14276, 11423, 2466, 1034, 28811, 107, 8732, 7825, 43007], [6721, 10214, 2528, 12064, 387, 19458, 49403, 16667, 7615, 31401, 48642, 12004, 14133, 27857, 3692, 6102, 1689, 32639, 19400, 425, 10465, 1054, 8698, 5862, 1166, 320, 13164, 108, 3024, 3012, 21980], [1699, 2361, 906, 3349, 53, 5818, 12843, 7615, 1068, 7803, 12185, 4676, 4246, 2516, 930, 483, 636, 8197, 5034, 81, 2806, 230, 3068, 1087, 391, 33, 3509, 10, 798, 780, 6676], [8473, 23253, 3475, 17522, 395, 27970, 57590, 31401, 7803, 3900, 63143, 18710, 18587, 31173, 8438, 7665, 1678, 33359, 22616, 2255, 18329, 7279, 9699, 6215, 1853, 2422, 18065, 77, 4068, 6113, 29409], [18340, 66037, 8267, 40148, 4001, 69101, 98818, 48642, 12185, 63143, 98136, 34677, 31123, 59141, 19980, 12477, 4118, 92799, 31807, 8081, 48222, 23647, 16478, 9654, 3294, 9636, 36416, 173, 12195, 10441, 59153], [8336, 15307, 1718, 8559, 251, 17684, 33754, 12004, 4676, 18710, 34677, 8620, 12484, 26401, 3841, 4636, 1335, 21603, 10184, 1033, 8998, 2372, 5310, 4072, 1262, 1162, 11521, 12, 4200, 2771, 16582], [5257, 15987, 1509, 8831, 289, 11384, 32372, 14133, 4246, 18587, 31123, 12484, 5969, 17881, 3476, 3277, 869, 15959, 10854, 669, 6822, 1188, 3640, 2337, 850, 522, 6299, 34, 2804, 3509, 14263], [15015, 16402, 2500, 13483, 783, 30258, 62714, 27857, 2516, 31173, 59141, 26401, 17881, 19187, 4190, 7254, 2273, 42100, 22757, 967, 12951, 1215, 11013, 7801, 1046, 554, 18854, 37, 5817, 3673, 25188], [3146, 19211, 2450, 13123, 970, 14006, 9694, 3692, 930, 8438, 19980, 3841, 3476, 4190, 2346, 699, 594, 19168, 3085, 3628, 12662, 7918, 2310, 748, 746, 6088, 6870, 26, 2972, 2183, 9728], [2742, 2313, 590, 2648, 109, 3333, 13247, 6102, 483, 7665, 12477, 4636, 3277, 7254, 699, 1605, 284, 5841, 4260, 150, 1476, 265, 883, 730, 318, 141, 4319, 5, 1018, 1035, 5984], [715, 1992, 273, 1518, 69, 2449, 3274, 1689, 636, 1678, 4118, 1335, 869, 2273, 594, 284, 141, 3221, 1281, 406, 1600, 639, 518, 349, 195, 454, 1201, 6, 506, 259, 1854], [21991, 53852, 7172, 34715, 2807, 68947, 69020, 32639, 8197, 33359, 92799, 21603, 15959, 42100, 19168, 5841, 3221, 62608, 25275, 10044, 48438, 22129, 12562, 8339, 1267, 14126, 30937, 142, 9927, 5923, 39808], [6255, 8876, 1827, 8374, 380, 15783, 36971, 19400, 5034, 22616, 31807, 10184, 10854, 22757, 3085, 4260, 1281, 25275, 3486, 659, 8906, 1300, 5860, 4058, 670, 467, 9844, 62, 2486, 2476, 15241], [1426, 10409, 1287, 4422, 497, 7268, 1742, 425, 81, 2255, 8081, 1033, 669, 967, 3628, 150, 406, 10044, 659, 88, 7976, 5223, 919, 77, 361, 3816, 2275, 20, 1433, 834, 4425], [8425, 37034, 4634, 18276, 2688, 41416, 24077, 10465, 2806, 18329, 48222, 8998, 6822, 12951, 12662, 1476, 1600, 48438, 8906, 7976, 3981, 21595, 4019, 2509, 682, 9522, 14853, 82, 5656, 3395, 18935], [2035, 25175, 2914, 11787, 2402, 22829, 3939, 1054, 230, 7279, 23647, 2372, 1188, 1215, 7918, 265, 639, 22129, 1300, 5223, 21595, 7989, 1273, 160, 657, 6640, 7488, 41, 3164, 2093, 10125], [2819, 9291, 1503, 7221, 173, 8062, 14276, 8698, 3068, 9699, 16478, 5310, 3640, 11013, 2310, 883, 518, 12562, 5860, 919, 4019, 1273, 3605, 3258, 256, 1708, 3619, 34, 1083, 1107, 11191], [2726, 1408, 361, 1503, 61, 5546, 11423, 5862, 1087, 6215, 9654, 4072, 2337, 7801, 748, 730, 349, 8339, 4058, 77, 2509, 160, 3258, 306, 290, 61, 3704, 5, 1097, 433, 3431], [301, 1990, 314, 1404, 66, 1346, 2466, 1166, 391, 1853, 3294, 1262, 850, 1046, 746, 318, 195, 1267, 670, 361, 682, 657, 256, 290, 174, 292, 1231, 5, 444, 362, 2023], [2790, 13528, 1224, 4922, 891, 10007, 1034, 320, 33, 2422, 9636, 1162, 522, 554, 6088, 141, 454, 14126, 467, 3816, 9522, 6640, 1708, 61, 292, 4703, 3384, 15, 3163, 988, 6085], [7239, 18122, 2236, 12565, 1022, 15210, 28811, 13164, 3509, 18065, 36416, 11521, 6299, 18854, 6870, 4319, 1201, 30937, 9844, 2275, 14853, 7488, 3619, 3704, 1231, 3384, 5153, 33, 5114, 3127, 16954], [10, 221, 44, 107, 3, 65, 107, 108, 10, 77, 173, 12, 34, 37, 26, 5, 6, 142, 62, 20, 82, 41, 34, 5, 5, 15, 33, 28, 7, 25, 162], [2950, 9232, 851, 4585, 402, 8604, 8732, 3024, 798, 4068, 12195, 4200, 2804, 5817, 2972, 1018, 506, 9927, 2486, 1433, 5656, 3164, 1083, 1097, 444, 3163, 5114, 7, 757, 1110, 5636], [1195, 7120, 804, 3614, 315, 4392, 7825, 3012, 780, 6113, 10441, 2771, 3509, 3673, 2183, 1035, 259, 5923, 2476, 834, 3395, 2093, 1107, 433, 362, 988, 3127, 25, 1110, 1110, 5518], [9995, 38447, 6093, 27098, 1995, 29289, 43007, 21980, 6676, 29409, 59153, 16582, 14263, 25188, 9728, 5984, 1854, 39808, 15241, 4425, 18935, 10125, 11191, 3431, 2023, 6085, 16954, 162, 5636, 5518, 16176]]}